a_phi_1 = 2.87;
a_phi_2 = -0.65;

Kp_phi = -5/3;
Kd_phi = 2.15;

Ki_chi = 0.1954;
Kp_chi = 3.7547;

g = 9.81;
Vg = 637/3.6;

A = [-0.322 0.052 0.028 -1.12 0.002;
0 0 1 -0.001 0;
-10.6 0 -2.87 0.46 -0.65;
6.87 0 -0.04 -0.32 -0.02;
0 0 0 0 -10];

B = [0 0 0 0 10]';

C = [0 0 0 1 0;
0 0 1 0 0;
1 0 0 0 0;
0 1 0 0 0];

D = zeros(4,1);